0.54402111088937
0.457535893775321
0.366479129251928
0.271760626410942
0.17432678122298
0.0751511204618093
-0.0247754254533578
-0.124454423507062
-0.222889914100248
-0.319098362349352
-0.412118485241757
-0.501020856457885
-0.584917192891762
-0.662969230082183
-0.734397097874113
-0.79848711262349
-0.854598908088281
-0.902171833756293
-0.940730556679773
-0.969889810845086
-0.989358246623382
-0.998941341839772
-0.998543345374605
-0.988168233877
-0.967919672031486
-0.937999976774739
-0.898708095811627
-0.850436620628564
-0.793667863849153
-0.728969040125876
-0.656986598718789
-0.5784397643882
-0.494113351138608
-0.404849920616598
-0.311541363513378
-0.215119988087816
-0.116549204850494
-0.0168139004843497
0.0830894028174973
0.182162504272096
0.279415498198926
0.373876664830237
0.464602179413757
0.550685542597638
0.631266637872322
0.705540325570392
0.772764487555988
0.832267442223901
0.883454655720154
0.925814682327732
0.958924274663138
0.982452612624333
0.996164608835841
0.999923257564101
0.993691003633464
0.977530117665097
0.951602073889516
0.916165936749455
0.871575772413588
0.81827711106441
0.756802495307928
0.687766159183973
0.611857890942719
0.529836140908493
0.442520443294852
0.35078322768962
0.255541102026831
0.157745694143248
0.0583741434275792
-0.0415806624332909
-0.141120008059867
-0.239249329213983
-0.334988150155905
-0.427379880233831
-0.515501371821464
-0.598472144103956
-0.675463180551151
-0.74570521217672
-0.808496403819591
-0.863209366648874
-0.909297426825682
-0.946300087687414
-0.973847630878195
-0.991664810452469
-0.999573603041505
-0.997494986604054
-0.98544972998846
-0.963558185417193
-0.932039085967226
-0.891207360061435
-0.841470984807897
-0.783326909627484
-0.717356090899522
-0.64421768723769
-0.564642473395035
-0.479425538604203
-0.389418342308649
-0.295520206661339
-0.198669330795061
-0.0998334166468278
0
0.0998334166468278
0.198669330795061
0.295520206661339
0.389418342308649
0.479425538604203
0.564642473395035
0.64421768723769
0.717356090899522
0.783326909627484
0.841470984807897
0.891207360061435
0.932039085967226
0.963558185417193
0.98544972998846
0.997494986604054
0.999573603041505
0.991664810452469
0.973847630878195
0.946300087687414
0.909297426825682
0.863209366648874
0.808496403819591
0.74570521217672
0.675463180551151
0.598472144103956
0.515501371821464
0.427379880233831
0.334988150155905
0.239249329213983
0.141120008059867
0.0415806624332909
-0.0583741434275792
-0.157745694143248
-0.255541102026831
-0.35078322768962
-0.442520443294852
-0.529836140908493
-0.611857890942719
-0.687766159183973
-0.756802495307928
-0.81827711106441
-0.871575772413588
-0.916165936749455
-0.951602073889516
-0.977530117665097
-0.993691003633464
-0.999923257564101
-0.996164608835841
-0.982452612624333
-0.958924274663138
-0.925814682327732
-0.883454655720154
-0.832267442223901
-0.772764487555988
-0.705540325570392
-0.631266637872322
-0.550685542597638
-0.464602179413757
-0.373876664830237
-0.279415498198926
-0.182162504272096
-0.0830894028174973
0.0168139004843497
0.116549204850494
0.215119988087816
0.311541363513378
0.404849920616598
0.494113351138608
0.5784397643882
0.656986598718789
0.728969040125876
0.793667863849153
0.850436620628564
0.898708095811627
0.937999976774739
0.967919672031486
0.988168233877
0.998543345374605
0.998941341839772
0.989358246623382
0.969889810845086
0.940730556679773
0.902171833756293
0.854598908088281
0.79848711262349
0.734397097874113
0.662969230082183
0.584917192891762
0.501020856457885
0.412118485241757
0.319098362349352
0.222889914100248
0.124454423507062
0.0247754254533578
-0.0751511204618093
-0.17432678122298
-0.271760626410942
-0.366479129251928
-0.457535893775321
-0.54402111088937
